1646703105177 0.8500582675126246 1
1646703308454 0.8776382234882818 2
1646703511715 0.8758254564288489 3
1646703714897 0.8877379256765505 4
1646703918084 0.8911044930726402 5
1646704121354 0.9023695455134015 6
1646704324482 0.8975786611420432 7
1646704527453 0.9047002460183866 8
1646704730518 0.8980965945875955 9
1646704933769 0.9019810954292373 10
1646705136730 0.9111744140877898 11
1646705339832 0.9094911303897449 12
1646705542983 0.9173896154344167 13
1646705745872 0.9131166645086106 14
1646705949234 0.9062540463550434 15
