1646703105177 0.6666091160220995 1
1646703308454 0.6666091160220995 2
1646703511715 0.6666091160220995 3
1646703714897 0.6666091160220995 4
1646703918084 0.6666091160220995 5
1646704121354 0.6666091160220995 6
1646704324482 0.6666091160220995 7
1646704527453 0.6666091160220995 8
1646704730518 0.6666091160220995 9
1646704933769 0.6666091160220995 10
1646705136730 0.6666091160220995 11
1646705339832 0.6666091160220995 12
1646705542983 0.6666091160220995 13
1646705745872 0.6666091160220995 14
1646705949234 0.6666091160220995 15
