1646703105177 0.45932963490486145 1
1646703308454 0.4320524036884308 2
1646703511715 0.4359060227870941 3
1646703714897 0.4229573607444763 4
1646703918084 0.4202321469783783 5
1646704121354 0.40927407145500183 6
1646704324482 0.4136148989200592 7
1646704527453 0.40669894218444824 8
1646704730518 0.4143012762069702 9
1646704933769 0.4096192717552185 10
1646705136730 0.40085509419441223 11
1646705339832 0.4020434021949768 12
1646705542983 0.39533892273902893 13
1646705745872 0.3982793092727661 14
1646705949234 0.40538454055786133 15
