1646703105177 0.6101981385513234 1
1646703308454 0.7091567254695168 2
1646703511715 0.7396526646915047 3
1646703714897 0.7578751302210649 4
1646703918084 0.7630576167603614 5
1646704121354 0.7693058135833899 6
1646704324482 0.7896442079507848 7
1646704527453 0.8113821560222387 8
1646704730518 0.8257308508473706 9
1646704933769 0.839090858122448 10
1646705136730 0.8494522432896332 11
1646705339832 0.8316536207525332 12
1646705542983 0.8383963457759418 13
1646705745872 0.8625749789654502 14
1646705949234 0.849978358523154 15
