1646718320861 0.8588631360870128 1
1646718523879 0.9153178816522077 2
1646718727106 0.9333160688851483 3
1646718930170 0.9400492036773275 4
1646719133306 0.9444516379645216 5
1646719336235 0.9514437394794769 6
1646719538938 0.9510552893953127 7
1646719741869 0.9583063576330442 8
1646719944805 0.958047390910268 9
1646720147780 0.9603780914152531 10
1646720350673 0.9576589408261038 11
1646720553458 0.964262592256895 12
1646720756561 0.9681470930985369 13
1646720959371 0.966463809400492 14
1646721162256 0.9647805257024472 15
