1646718320861 0.45345139503479004 1
1646718523879 0.3978978395462036 2
1646718727106 0.37928980588912964 3
1646718930170 0.3729567527770996 4
1646719133306 0.3688657879829407 5
1646719336235 0.36174315214157104 6
1646719538938 0.3606838285923004 7
1646719741869 0.3550918996334076 8
1646719944805 0.35502398014068604 9
1646720147780 0.3527250289916992 10
1646720350673 0.3550645709037781 11
1646720553458 0.34859636425971985 12
1646720756561 0.34496626257896423 13
1646720959371 0.34655725955963135 14
1646721162256 0.34811997413635254 15
