1646718320861 0.5753628049070825 1
1646718523879 0.6380958934040238 2
1646718727106 0.6484567755929744 3
1646718930170 0.6655837209954247 4
1646719133306 0.6988400047695749 5
1646719336235 0.7350006189985476 6
1646719538938 0.7482092968887376 7
1646719741869 0.7515485693890666 8
1646719944805 0.7555011064850526 9
1646720147780 0.7386377552094797 10
1646720350673 0.7842774301862857 11
1646720553458 0.7691175655960741 12
1646720756561 0.7978116355899888 13
1646720959371 0.77562529918822 14
1646721162256 0.7809851023211976 15
