1646718320861 0.6666091160220995 1
1646718523879 0.6666091160220995 2
1646718727106 0.6666091160220995 3
1646718930170 0.6666091160220995 4
1646719133306 0.6666091160220995 5
1646719336235 0.6666091160220995 6
1646719538938 0.6666091160220995 7
1646719741869 0.6666091160220995 8
1646719944805 0.6666091160220995 9
1646720147780 0.6666091160220995 10
1646720350673 0.6666091160220995 11
1646720553458 0.6666091160220995 12
1646720756561 0.6666091160220995 13
1646720959371 0.6666091160220995 14
1646721162256 0.6666091160220995 15
