1646709195587 0.6666091160220995 1
1646709398374 0.6666091160220995 2
1646709601248 0.6666091160220995 3
1646709804295 0.6666091160220995 4
1646710007456 0.6666091160220995 5
1646710210405 0.6666091160220995 6
1646710412953 0.6666091160220995 7
1646710615569 0.6666091160220995 8
1646710817839 0.6666091160220995 9
1646711020338 0.6666091160220995 10
1646711222881 0.6666091160220995 11
1646711425263 0.6666091160220995 12
1646711627280 0.6666091160220995 13
1646711829449 0.6666091160220995 14
1646712031504 0.6666091160220995 15
