1646709195587 0.47839173674583435 1
1646709398374 0.4497772753238678 2
1646709601248 0.4424758553504944 3
1646709804295 0.4393971264362335 4
1646710007456 0.4437878727912903 5
1646710210405 0.43999966979026794 6
1646710412953 0.4360445439815521 7
1646710615569 0.42771801352500916 8
1646710817839 0.4279170036315918 9
1646711020338 0.42383623123168945 10
1646711222881 0.41739335656166077 11
1646711425263 0.42527225613594055 12
1646711627280 0.4213574528694153 13
1646711829449 0.41730543971061707 14
1646712031504 0.4136642813682556 15
