1646709195587 0.8308947300271915 1
1646709398374 0.8604169364236696 2
1646709601248 0.8688333549138936 3
1646709804295 0.871811472225819 4
1646710007456 0.8680564547455651 5
1646710210405 0.8716819888644309 6
1646710412953 0.8747895895377444 7
1646710615569 0.8829470413051923 8
1646710817839 0.8842418749190729 9
1646711020338 0.8868315421468341 10
1646711222881 0.8934351935776252 11
1646711425263 0.8854072251715654 12
1646711627280 0.8901981095429238 13
1646711829449 0.8944710604687298 14
1646712031504 0.8973196944192672 15
