1646709195587 0.6826035655657613 1
1646709398374 0.7584887301355452 2
1646709601248 0.7901578828559668 3
1646709804295 0.8037419166367898 4
1646710007456 0.8016182419341403 5
1646710210405 0.8232407732666664 6
1646710412953 0.8263980682416727 7
1646710615569 0.8263069285855407 8
1646710817839 0.8324772979097164 9
1646711020338 0.8359670279659922 10
1646711222881 0.8454016589697584 11
1646711425263 0.8432448882992644 12
1646711627280 0.8511469110899458 13
1646711829449 0.8535613742760298 14
1646712031504 0.8518614755020762 15
