1646700057081 0.6666091160220995 1
1646700260337 0.6666091160220995 2
1646700463610 0.6666091160220995 3
1646700666504 0.6666091160220995 4
1646700869843 0.6666091160220995 5
1646701072913 0.6666091160220995 6
1646701276202 0.6666091160220995 7
1646701479428 0.6666091160220995 8
1646701682533 0.6666091160220995 9
1646701885579 0.6666091160220995 10
1646702088942 0.6666091160220995 11
1646702291960 0.6666091160220995 12
1646702495082 0.6666091160220995 13
1646702698409 0.6666091160220995 14
1646702901523 0.6666091160220995 15
