1646700057081 0.4438905417919159 1
1646700260337 0.4175833463668823 2
1646700463610 0.4110344350337982 3
1646700666504 0.3991699814796448 4
1646700869843 0.39702272415161133 5
1646701072913 0.40044811367988586 6
1646701276202 0.39127081632614136 7
1646701479428 0.38917410373687744 8
1646701682533 0.3897102177143097 9
1646701885579 0.38934457302093506 10
1646702088942 0.37693625688552856 11
1646702291960 0.3763579726219177 12
1646702495082 0.37148934602737427 13
1646702698409 0.37345805764198303 14
1646702901523 0.37913069128990173 15
