1646700057081 0.8703871552505503 1
1646700260337 0.8938236436617895 2
1646700463610 0.8991324614787 3
1646700666504 0.9135051145927748 4
1646700869843 0.9162242651819241 5
1646701072913 0.9102680305580733 6
1646701276202 0.9208856661918944 7
1646701479428 0.9233458500582675 8
1646701682533 0.9220510164443869 9
1646701885579 0.9223099831671631 10
1646702088942 0.9366826362812378 11
1646702291960 0.9364236695584618 12
1646702495082 0.9400492036773275 13
1646702698409 0.9388838534248349 14
1646702901523 0.9325391687168199 15
