1646700057081 0.6381931023308548 1
1646700260337 0.6946621669563151 2
1646700463610 0.7326674370951947 3
1646700666504 0.7579865901978797 4
1646700869843 0.7628216193726292 5
1646701072913 0.775784072650981 6
1646701276202 0.8111838149383463 7
1646701479428 0.8152594140424281 8
1646701682533 0.8283401342697045 9
1646701885579 0.838759261338236 10
1646702088942 0.8279060305212558 11
1646702291960 0.842585819152365 12
1646702495082 0.7892623468749829 13
1646702698409 0.8506266304039478 14
1646702901523 0.8603175455842469 15
