1646724407568 0.6275101799441519 1
1646724610601 0.7103502257567509 2
1646724813344 0.7419961408827281 3
1646725016371 0.7603529686647242 4
1646725219309 0.7826112644859408 5
1646725422421 0.7840008927528348 6
1646725625142 0.8029838278414145 7
1646725827851 0.8096572424640782 8
1646726030861 0.8377493145747936 9
1646726233949 0.8499992153539537 10
1646726437060 0.8412126215078054 11
1646726640210 0.8784778765358776 12
1646726843218 0.8763180879959751 13
1646727046293 0.846174267070176 14
1646727249131 0.877398921158631 15
