1646724407568 0.8617117700375502 1
1646724610601 0.9184254823255211 2
1646724813344 0.9304674349346109 3
1646725016371 0.937071086365402 4
1646725219309 0.9445811213259097 5
1646725422421 0.9487245888903276 6
1646725625142 0.953774439984462 7
1646725827851 0.9576589408261038 8
1646726030861 0.9570115240191636 9
1646726233949 0.9584358409944322 10
1646726437060 0.9562346238508351 11
1646726640210 0.9612844749449696 12
1646726843218 0.9614139583063577 13
1646727046293 0.9593422245241486 14
1646727249131 0.9618024083905218 15
