1646724407568 0.6666091160220995 1
1646724610601 0.6666091160220995 2
1646724813344 0.6666091160220995 3
1646725016371 0.6666091160220995 4
1646725219309 0.6666091160220995 5
1646725422421 0.6666091160220995 6
1646725625142 0.6666091160220995 7
1646725827851 0.6666091160220995 8
1646726030861 0.6666091160220995 9
1646726233949 0.6666091160220995 10
1646726437060 0.6666091160220995 11
1646726640210 0.6666091160220995 12
1646726843218 0.6666091160220995 13
1646727046293 0.6666091160220995 14
1646727249131 0.6666091160220995 15
