1646724407568 0.45209088921546936 1
1646724610601 0.3951474130153656 2
1646724813344 0.38247159123420715 3
1646725016371 0.3759528398513794 4
1646725219309 0.3685343265533447 5
1646725422421 0.36431679129600525 6
1646725625142 0.3586624562740326 7
1646725827851 0.3552008867263794 8
1646726030861 0.355854332447052 9
1646726233949 0.3543644845485687 10
1646726437060 0.35619983077049255 11
1646726640210 0.35220420360565186 12
1646726843218 0.3520304560661316 13
1646727046293 0.3540874719619751 14
1646727249131 0.35095229744911194 15
