1646715273414 0.6666091160220995 1
1646715476677 0.6666091160220995 2
1646715679619 0.6666091160220995 3
1646715882826 0.6666091160220995 4
1646716085959 0.6666091160220995 5
1646716289093 0.6666091160220995 6
1646716492217 0.6666091160220995 7
1646716695302 0.6666091160220995 8
1646716898732 0.6666091160220995 9
1646717101961 0.6666091160220995 10
1646717305112 0.6666091160220995 11
1646717508268 0.6666091160220995 12
1646717711307 0.6666091160220995 13
1646717914278 0.6666091160220995 14
1646718117558 0.6666091160220995 15
