1646715273414 0.8500582675126246 1
1646715476677 0.9100090638352971 2
1646715679619 0.9278777677068497 3
1646715882826 0.9352583193059691 4
1646716085959 0.9417324873753723 5
1646716289093 0.9413440372912081 6
1646716492217 0.9492425223358798 7
1646716695302 0.9545513401527904 8
1646716898732 0.9588242910785963 9
1646717101961 0.9616729250291337 10
1646717305112 0.9614139583063577 11
1646717508268 0.9559756571280591 12
1646717711307 0.9618024083905218 13
1646717914278 0.9614139583063577 14
1646718117558 0.9660753593163278 15
