1646715273414 0.460214763879776 1
1646715476677 0.40176519751548767 2
1646715679619 0.385722279548645 3
1646715882826 0.3781983256340027 4
1646716085959 0.3719501197338104 5
1646716289093 0.3715610206127167 6
1646716492217 0.36384278535842896 7
1646716695302 0.35840195417404175 8
1646716898732 0.3544960021972656 9
1646717101961 0.35227343440055847 10
1646717305112 0.35244256258010864 11
1646717508268 0.3568013906478882 12
1646717711307 0.3513011634349823 13
1646717914278 0.3508358299732208 14
1646718117558 0.34649458527565 15
