1646715273414 0.5646957766325968 1
1646715476677 0.6219772852346649 2
1646715679619 0.6265905345397836 3
1646715882826 0.6436931693275557 4
1646716085959 0.6073324368249278 5
1646716289093 0.6047718416957153 6
1646716492217 0.6074846045068727 7
1646716695302 0.6186109525053078 8
1646716898732 0.6097831144439119 9
1646717101961 0.661812021340763 10
1646717305112 0.6697158213212071 11
1646717508268 0.697579641909005 12
1646717711307 0.7041407917896785 13
1646717914278 0.6783462571914152 14
1646718117558 0.7101513816946236 15
