1646697007328 0.6666091160220995 1
1646697210656 0.6666091160220995 2
1646697414057 0.6666091160220995 3
1646697617231 0.6666091160220995 4
1646697820645 0.6666091160220995 5
1646698023810 0.6666091160220995 6
1646698227130 0.6666091160220995 7
1646698430374 0.6666091160220995 8
1646698633844 0.6666091160220995 9
1646698836979 0.6666091160220995 10
1646699040283 0.6666091160220995 11
1646699243653 0.6666091160220995 12
1646699446823 0.6666091160220995 13
1646699650376 0.6666091160220995 14
1646699853608 0.6666091160220995 15
