1646697007328 0.45573100447654724 1
1646697210656 0.3952654004096985 2
1646697414057 0.38049840927124023 3
1646697617231 0.37344852089881897 4
1646697820645 0.3637123107910156 5
1646698023810 0.363503098487854 6
1646698227130 0.364033579826355 7
1646698430374 0.35798218846321106 8
1646698633844 0.35592037439346313 9
1646698836979 0.3516867458820343 10
1646699040283 0.3505280017852783 11
1646699243653 0.3500766456127167 12
1646699446823 0.3509189188480377 13
1646699650376 0.34733912348747253 14
1646699853608 0.34737083315849304 15
