1646697007328 0.8570503690275799 1
1646697210656 0.9182959989641332 2
1646697414057 0.9330571021623721 3
1646697617231 0.9388838534248349 4
1646697820645 0.9497604557814321 5
1646698023810 0.9492425223358798 6
1646698227130 0.9485951055289396 7
1646698430374 0.9550692735983426 8
1646698633844 0.9567525572963874 9
1646698836979 0.9614139583063577 10
1646699040283 0.9624498251974621 11
1646699243653 0.9629677586430144 12
1646699446823 0.9616729250291337 13
1646699650376 0.9656869092321637 14
1646699853608 0.9659458759549397 15
