1646697007328 0.6118450569512195 1
1646697210656 0.6812456919914196 2
1646697414057 0.7017743797909515 3
1646697617231 0.7159222857047818 4
1646697820645 0.7477596008150125 5
1646698023810 0.7308478295013768 6
1646698227130 0.7386421814179452 7
1646698430374 0.770882449157954 8
1646698633844 0.7680409909824721 9
1646698836979 0.8029930826409335 10
1646699040283 0.8258464352457102 11
1646699243653 0.8211467407479837 12
1646699446823 0.8188872619219589 13
1646699650376 0.8568382104114884 14
1646699853608 0.8436180310856644 15
