1646721365227 0.6069771329999192 1
1646721568008 0.6521310651295116 2
1646721770756 0.6980109960431038 3
1646721973543 0.7424464740622172 4
1646722176362 0.7424803412633552 5
1646722379190 0.742994519146772 6
1646722582121 0.7783486245423066 7
1646722784756 0.778924434025418 8
1646722987197 0.7851313866331993 9
1646723189781 0.8268910204435838 10
1646723392659 0.8326365408188298 11
1646723595396 0.8264935670425054 12
1646723798295 0.8321193785978872 13
1646724001298 0.8592420775227612 14
1646724204380 0.8481861464771874 15
