1646721365227 0.4559001326560974 1
1646721568008 0.3953091502189636 2
1646721770756 0.38536882400512695 3
1646721973543 0.37394946813583374 4
1646722176362 0.36820995807647705 5
1646722379190 0.36359795928001404 6
1646722582121 0.35942962765693665 7
1646722784756 0.36101919412612915 8
1646722987197 0.3622815012931824 9
1646723189781 0.3571552038192749 10
1646723392659 0.35360482335090637 11
1646723595396 0.3552672266960144 12
1646723798295 0.35011860728263855 13
1646724001298 0.34988337755203247 14
1646724204380 0.3470730185508728 15
