1646721365227 0.8543312184384306 1
1646721568008 0.9181665156027451 2
1646721770756 0.9268419008157451 3
1646721973543 0.9386248867020588 4
1646722176362 0.9452285381328499 5
1646722379190 0.9493720056972679 6
1646722582121 0.9536449566230739 7
1646722784756 0.951573222840865 8
1646722987197 0.9507963226725366 9
1646723189781 0.9554577236825068 10
1646723392659 0.9594717078855367 11
1646723595396 0.9583063576330442 12
1646723798295 0.9632267253657905 13
1646724001298 0.962190858474686 14
1646724204380 0.9660753593163278 15
