1646721365227 0.6666091160220995 1
1646721568008 0.6666091160220995 2
1646721770756 0.6666091160220995 3
1646721973543 0.6666091160220995 4
1646722176362 0.6666091160220995 5
1646722379190 0.6666091160220995 6
1646722582121 0.6666091160220995 7
1646722784756 0.6666091160220995 8
1646722987197 0.6666091160220995 9
1646723189781 0.6666091160220995 10
1646723392659 0.6666091160220995 11
1646723595396 0.6666091160220995 12
1646723798295 0.6666091160220995 13
1646724001298 0.6666091160220995 14
1646724204380 0.6666091160220995 15
