1646595880965 0.6500518538071371 0
1646596120418 0.7204694848526794 0
1646596347008 0.7769256862246458 0
1646596572810 0.7803893689769912 0
1646596796463 0.8059915826758388 0
1646597024695 0.8029937257698131 0
1646597249325 0.8058218439460614 0
1646597479041 0.8099804092936616 0
1646597715337 0.821916878052078 0
1646597951447 0.8272595236102482 0
1646598196526 0.663927676412929 0
1646598437078 0.739515632326731 0
1646598667908 0.7672786448692899 0
1646598894912 0.7755346803519942 0
1646599121357 0.787942474196494 0
1646599343768 0.810983383443479 0
1646599565975 0.8029280031482477 0
1646599787777 0.809203976996546 0
1646600009626 0.8076682136967016 0
1646600231405 0.8036406912088347 0
1646600456809 0.6510986877472645 0
1646600678469 0.7305861411646799 0
1646600900496 0.7744181670202275 0
1646601122226 0.7618697737103075 0
1646601343571 0.7918641027869611 0
1646601564812 0.7807215364714946 0
1646601786167 0.7878578730872035 0
1646602007726 0.7852622989826674 0
1646602229225 0.806448857874965 0
1646602450709 0.8081379627811454 0
1646602673228 0.5992437069919212 0
1646602895848 0.6882321701234083 0
1646603117968 0.7246862951970445 0
1646603340153 0.7369861496952079 0
1646603562390 0.7577072515926335 0
1646603784583 0.792381601367889 0
1646604006650 0.7803385010091776 0
1646604228770 0.8064976468618924 0
1646604451054 0.809137583735985 0
1646604673479 0.7908458380680446 0
1646604895894 0.592022433947424 0
1646605117865 0.7208215703253511 0
1646605339591 0.7299297532477705 0
1646605561505 0.7727727877765581 0
1646605783482 0.8020021189509705 0
1646606005334 0.7944514950957511 0
1646606227057 0.8257634956708911 0
1646606448820 0.8198672711538317 0
1646606670482 0.7984471286993788 0
1646606892072 0.8289376300369011 0
1646607114473 0.6324841299988089 0
1646607336470 0.6940104627730976 0
1646607558304 0.726531726053091 0
1646607780215 0.7640705761701041 0
1646608001943 0.7812313897678731 0
1646608224404 0.7886381615585436 0
1646608446138 0.812318692747549 0
1646608668147 0.8191846612521957 0
1646608890112 0.8318874691908447 0
1646609111672 0.8425265868123402 0
1646609334112 0.6792786030214164 0
1646609555463 0.7353966682118189 0
1646609776787 0.7509978437615015 0
1646609998263 0.7803420889278039 0
1646610219720 0.7841568176623778 0
1646610440933 0.7806658063709632 0
1646610662177 0.8024840066012338 0
1646610883568 0.8070476714341052 0
1646611104784 0.7999086857943639 0
1646611326184 0.8043229993229228 0
1646611548280 0.664482831373458 0
1646611769907 0.7441178924337972 0
1646611991491 0.7668873605473273 0
1646612213014 0.7806399197057343 0
1646612434538 0.7927297300704867 0
1646612655860 0.7837985958428966 0
1646612877223 0.8033311913123815 0
1646613098632 0.8098949363536767 0
1646613320103 0.8125296757755538 0
1646613541497 0.8254463169579386 0
1646613763786 0.6349161017203767 0
1646613985503 0.7381939034623215 0
1646614207028 0.7439950984337091 0
1646614428714 0.7573267645584996 0
1646614650286 0.7839927458321129 0
1646614871729 0.7920920529815536 0
1646615093235 0.7908729989473651 0
1646615314666 0.7957538089612393 0
1646615536195 0.8260901303936812 0
1646615757546 0.8059814224950561 0
1646615980880 0.6695740543721906 0
1646616202368 0.7328911609243873 0
1646616423673 0.7593464609575438 0
1646616645029 0.7754231530870318 0
1646616866437 0.7762016308330839 0
1646617087746 0.7738515776648243 0
1646617309156 0.7757214868442089 0
1646617530357 0.7948958269622628 0
1646617751838 0.7926863732594236 0
1646617973239 0.8003619706914664 0
1646618196308 0.6243585002687921 0
1646618418090 0.71829634625145 0
1646618640052 0.753803529063348 0
1646618862070 0.7657755752204792 0
1646619084036 0.7687331267228715 0
1646619306063 0.7901229227627751 0
1646619528087 0.8114108487392523 0
1646619750057 0.7982198826757316 0
1646619971992 0.8040669493544161 0
1646620193988 0.8245053433832611 0
