1646595880965 0.8314126634727438 0
1646596120418 0.8558850187750874 0
1646596347008 0.8663731710475204 0
1646596572810 0.8637835038197592 0
1646596796463 0.8736242392852518 0
1646597024695 0.8703871552505503 0
1646597249325 0.8692218049980578 0
1646597479041 0.8723294056713712 0
1646597715337 0.8813932409685356 0
1646597951447 0.8786740903793863 0
1646598196526 0.8259743622944452 0
1646598437078 0.844619966334326 0
1646598667908 0.8670205878544607 0
1646598894912 0.8566619189434158 0
1646599121357 0.8687038715525055 0
1646599343768 0.8799689239932669 0
1646599565975 0.8681859381069532 0
1646599787777 0.8767318399585653 0
1646600009626 0.8847598083646252 0
1646600231405 0.8901981095429238 0
1646600456809 0.7688721999223099 0
1646600678469 0.8157451767447883 0
1646600900496 0.8395701152401917 0
1646601122226 0.838145798264923 0
1646601343571 0.8407354654926842 0
1646601564812 0.8455263498640425 0
1646601786167 0.8597695196167292 0
1646602007726 0.850705684319565 0
1646602229225 0.857179852388968 0
1646602450709 0.8605464197850576 0
1646602673228 0.8499287841512365 0
1646602895848 0.9015926453450731 0
1646603117968 0.9140230480383271 0
1646603340153 0.9271008675385213 0
1646603562390 0.926453450731581 0
1646603784583 0.9372005697267901 0
1646604006650 0.9372005697267901 0
1646604228770 0.947688721999223 0
1646604451054 0.9491130389744917 0
1646604673479 0.9457464715784022 0
1646604895894 0.8402175320471319 0
1646605117865 0.8593810695325651 0
1646605339591 0.8637835038197592 0
1646605561505 0.8701281885277742 0
1646605783482 0.8690923216366697 0
1646606005334 0.8727178557555354 0
1646606227057 0.8855367085329535 0
1646606448820 0.8909750097112521 0
1646606670482 0.8808753075229833 0
1646606892072 0.8892917260132073 0
1646607114473 0.8442315162501619 0
1646607336470 0.8758254564288489 0
1646607558304 0.8811342742457594 0
1646607780215 0.8925288100479088 0
1646608001943 0.8904570762656998 0
1646608224404 0.8990029781173119 0
1646608446138 0.8983555613103716 0
1646608668147 0.9026285122361777 0
1646608890112 0.9065130130778195 0
1646609111672 0.907548879968924 0
1646609334112 0.7914023048038327 0
1646609555463 0.8276576459924899 0
1646609776787 0.8286935128835945 0
1646609998263 0.8407354654926842 0
1646610219720 0.8303767965816392 0
1646610440933 0.8412533989382365 0
1646610662177 0.848763433898744 0
1646610883568 0.8522594846562217 0
1646611104784 0.8576977858345203 0
1646611326184 0.8632655703742069 0
1646611548280 0.8053865078337433 0
1646611769907 0.8394406318788036 0
1646611991491 0.8378868315421468 0
1646612213014 0.8520005179334456 0
1646612434538 0.8512236177651172 0
1646612655860 0.8447494496957141 0
1646612877223 0.8553670853295352 0
1646613098632 0.8578272691959083 0
1646613320103 0.8600284863395053 0
1646613541497 0.8610643532306098 0
1646613763786 0.8239026285122362 0
1646613985503 0.850705684319565 0
1646614207028 0.846562216755147 0
1646614428714 0.8557555354136993 0
1646614650286 0.8636540204583711 0
1646614871729 0.867668004661401 0
1646615093235 0.8547196685225948 0
1646615314666 0.8725883723941473 0
1646615536195 0.8795804739091027 0
1646615757546 0.8763433898744012 0
1646615980880 0.7868703871552506 0
1646616202368 0.8220898614528033 0
1646616423673 0.8412533989382365 0
1646616645029 0.8444904829729379 0
1646616866437 0.8441020328887738 0
1646617087746 0.8536838016314904 0
1646617309156 0.8516120678492813 0
1646617530357 0.8587336527256247 0
1646617751838 0.8526479347403859 0
1646617973239 0.8517415512106694 0
1646618196308 0.8535543182701023 0
1646618418090 0.9024990288747896 0
1646618640052 0.9163537485433122 0
1646618862070 0.9251586171177004 0
1646619084036 0.9312443351029392 0
1646619306063 0.9303379515732229 0
1646619528087 0.9394017868703871 0
1646619750057 0.9440631878803574 0
1646619971992 0.9456169882170141 0
1646620193988 0.9506668393111485 0
