1646595880965 0.47725385427474976 0
1646596120418 0.4548129439353943 0
1646596347008 0.4448849856853485 0
1646596572810 0.447041779756546 0
1646596796463 0.4373108446598053 0
1646597024695 0.4411359429359436 0
1646597249325 0.4425511658191681 0
1646597479041 0.43809178471565247 0
1646597715337 0.43008720874786377 0
1646597951447 0.4328101575374603 0
1646598196526 0.4825686514377594 0
1646598437078 0.4661329686641693 0
1646598667908 0.44326716661453247 0
1646598894912 0.4533306360244751 0
1646599121357 0.44206008315086365 0
1646599343768 0.4310143291950226 0
1646599565975 0.44158053398132324 0
1646599787777 0.432903528213501 0
1646600009626 0.42637693881988525 0
1646600231405 0.42017242312431335 0
1646600456809 0.5381805896759033 0
1646600678469 0.4908500611782074 0
1646600900496 0.470510333776474 0
1646601122226 0.4720921218395233 0
1646601343571 0.4661613702774048 0
1646601564812 0.4653904139995575 0
1646601786167 0.45006072521209717 0
1646602007726 0.45805802941322327 0
1646602229225 0.4525144100189209 0
1646602450709 0.4481236934661865 0
1646602673228 0.4615762233734131 0
1646602895848 0.4103594720363617 0
1646603117968 0.397697389125824 0
1646603340153 0.386965811252594 0
1646603562390 0.3856640160083771 0
1646603784583 0.3750816881656647 0
1646604006650 0.3743773102760315 0
1646604228770 0.3657659888267517 0
1646604451054 0.36402657628059387 0
1646604673479 0.3671012818813324 0
1646604895894 0.4711713194847107 0
1646605117865 0.45121490955352783 0
1646605339591 0.4469393789768219 0
1646605561505 0.44111648201942444 0
1646605783482 0.4402308464050293 0
1646606005334 0.43760812282562256 0
1646606227057 0.4264957904815674 0
1646606448820 0.41982516646385193 0
1646606670482 0.4303531050682068 0
1646606892072 0.4221944510936737 0
1646607114473 0.4636732041835785 0
1646607336470 0.43474650382995605 0
1646607558304 0.4299846887588501 0
1646607780215 0.4184650778770447 0
1646608001943 0.4203910231590271 0
1646608224404 0.4122943580150604 0
1646608446138 0.4130229949951172 0
1646608668147 0.4079676568508148 0
1646608890112 0.4053240716457367 0
1646609111672 0.40381327271461487 0
1646609334112 0.5167015790939331 0
1646609555463 0.48297563195228577 0
1646609776787 0.48062312602996826 0
1646609998263 0.46984466910362244 0
1646610219720 0.4787784814834595 0
1646610440933 0.4667028486728668 0
1646610662177 0.46150827407836914 0
1646610883568 0.45787498354911804 0
1646611104784 0.4527219235897064 0
1646611326184 0.4483433961868286 0
1646611548280 0.50338214635849 0
1646611769907 0.4711858630180359 0
1646611991491 0.4718894958496094 0
1646612213014 0.4577252268791199 0
1646612434538 0.4597318768501282 0
1646612655860 0.4645196497440338 0
1646612877223 0.4543854892253876 0
1646613098632 0.45257580280303955 0
1646613320103 0.45052894949913025 0
1646613541497 0.4489252269268036 0
1646613763786 0.4835982024669647 0
1646613985503 0.4591909646987915 0
1646614207028 0.46332207322120667 0
1646614428714 0.4527943432331085 0
1646614650286 0.4449303150177002 0
1646614871729 0.44217386841773987 0
1646615093235 0.45506617426872253 0
1646615314666 0.43781521916389465 0
1646615536195 0.43200716376304626 0
1646615757546 0.4342614412307739 0
1646615980880 0.5194879770278931 0
1646616202368 0.48457077145576477 0
1646616423673 0.4673410952091217 0
1646616645029 0.46441128849983215 0
1646616866437 0.4647824466228485 0
1646617087746 0.4576632082462311 0
1646617309156 0.4577072560787201 0
1646617530357 0.4509202241897583 0
1646617751838 0.4567524492740631 0
1646617973239 0.4576578438282013 0
1646618196308 0.45855364203453064 0
1646618418090 0.40927547216415405 0
1646618640052 0.39530259370803833 0
1646618862070 0.3872162997722626 0
1646619084036 0.3807501494884491 0
1646619306063 0.38154882192611694 0
1646619528087 0.3726643919944763 0
1646619750057 0.36849096417427063 0
1646619971992 0.3668980598449707 0
1646620193988 0.3621048331260681 0
