1646588071087 0.6488956089944791 0
1646588294750 0.7351216392765356 0
1646588517711 0.7589845531465118 0
1646588740686 0.7626886592517478 0
1646588964669 0.7824289358893879 0
1646589195142 0.7942134994983394 0
1646589424797 0.7930117608554519 0
1646589651213 0.8094248810232803 0
1646589874262 0.8089261378573995 0
1646590096748 0.7827185979257543 0
1646590339901 0.661920407659579 0
1646590568985 0.7386815179658871 0
1646590802804 0.7344808148362763 0
1646591034936 0.7884677086183678 0
1646591266015 0.7887277270751847 0
1646591507333 0.7861454158417436 0
1646591744836 0.8038798214410268 0
1646591971753 0.7780464143340791 0
1646592198240 0.8136946966160714 0
1646592437854 0.8252661215467242 0
1646592670908 0.6382221766167153 0
1646592906576 0.7051294458662631 0
1646593141149 0.736250945643601 0
1646593380283 0.7690750398377517 0
