1646588071087 0.7850576200958177 0
1646588294750 0.8266217791013855 0
1646588517711 0.838145798264923 0
1646588740686 0.8305062799430273 0
1646588964669 0.8402175320471319 0
1646589195142 0.8491518839829082 0
1646589424797 0.8474686002848634 0
1646589651213 0.8557555354136993 0
1646589874262 0.8553670853295352 0
1646590096748 0.8352971643143856 0
1646590339901 0.817169493720057 0
1646590568985 0.8472096335620872 0
1646590802804 0.846562216755147 0
1646591034936 0.8602874530622815 0
1646591266015 0.8539427683542665 0
1646591507333 0.8450084164184902 0
1646591744836 0.8567914023048039 0
1646591971753 0.8562734688592516 0
1646592198240 0.8653373041564159 0
1646592437854 0.8627476369286546 0
1646592670908 0.800336656739609 0
1646592906576 0.8285640295222064 0
1646593141149 0.8310242133885796 0
1646593380283 0.8390521817946394 0
