1646588071087 0.524806797504425 0
1646588294750 0.4824574589729309 0
1646588517711 0.47095435857772827 0
1646588740686 0.47783008217811584 0
1646588964669 0.47007110714912415 0
1646589195142 0.46122342348098755 0
1646589424797 0.4626236855983734 0
1646589651213 0.45367494225502014 0
1646589874262 0.4556264281272888 0
1646590096748 0.4738122522830963 0
1646590339901 0.490609347820282 0
1646590568985 0.4635951817035675 0
1646590802804 0.46195101737976074 0
1646591034936 0.4506246745586395 0
1646591266015 0.45711567997932434 0
1646591507333 0.4667484164237976 0
1646591744836 0.4547823965549469 0
1646591971753 0.4534843862056732 0
1646592198240 0.4452113211154938 0
1646592437854 0.44842562079429626 0
1646592670908 0.5056161284446716 0
1646592906576 0.4820499122142792 0
1646593141149 0.4771273136138916 0
1646593380283 0.4688083827495575 0
