1646686012435 0.8496698174284605 1
1646686220103 0.8618412533989382 2
1646686430767 0.8720704389485952 3
1646686644944 0.878156156933834 4
1646686854493 0.8762139065130131 5
1646687064960 0.8838534248349087 6
1646687277985 0.8854072251715654 7
1646687489119 0.8895506927359834 8
1646687702441 0.8868315421468341 9
1646687913192 0.888644309206267 10
1646688116614 0.8984850446717597 11
1646688319909 0.8930467434934611 12
1646688523226 0.9019810954292373 13
1646688726172 0.9066424964392076 14
1646688929176 0.9072899132461478 15
