1646686012435 0.6749525522528794 1
1646686220103 0.7342292406885054 2
1646686430767 0.7663616598060241 3
1646686644944 0.7965786318148713 4
1646686854493 0.7610775567796962 5
1646687064960 0.7983617617432336 6
1646687277985 0.8016848141724912 7
1646687489119 0.8211753427303345 8
1646687702441 0.8187811595894077 9
1646687913192 0.8328353499464158 10
1646688116614 0.8499814903488265 11
1646688319909 0.847358954446139 12
1646688523226 0.8567203111230932 13
1646688726172 0.8540334608889729 14
1646688929176 0.8676797682806278 15
