1646686012435 0.6674143732206022 1
1646686220103 0.6674143732206022 2
1646686430767 0.6674143732206022 3
1646686644944 0.6674143732206022 4
1646686854493 0.6674143732206022 5
1646687064960 0.6674143732206022 6
1646687277985 0.6674143732206022 7
1646687489119 0.6674143732206022 8
1646687702441 0.6674143732206022 9
1646687913192 0.6674143732206022 10
1646688116614 0.6674143732206022 11
1646688319909 0.6674143732206022 12
1646688523226 0.6674143732206022 13
1646688726172 0.6674143732206022 14
1646688929176 0.6674143732206022 15
