1646686012435 0.46146467328071594 1
1646686220103 0.4501449167728424 2
1646686430767 0.43867650628089905 3
1646686644944 0.4316389560699463 4
1646686854493 0.43352600932121277 5
1646687064960 0.4265313148498535 6
1646687277985 0.4252120852470398 7
1646687489119 0.4203045964241028 8
1646687702441 0.4230941832065582 9
1646687913192 0.42399024963378906 10
1646688116614 0.4131402373313904 11
1646688319909 0.41944682598114014 12
1646688523226 0.40956631302833557 13
1646688726172 0.4056539237499237 14
1646688929176 0.40476325154304504 15
