1646712234422 0.4759228825569153 1
1646712436932 0.4592128098011017 2
1646712639346 0.4587949216365814 3
1646712841925 0.4346604347229004 4
1646713044147 0.4325352609157562 5
1646713246538 0.4353918135166168 6
1646713448945 0.4291745126247406 7
1646713651235 0.4224117696285248 8
1646713853990 0.42032578587532043 9
1646714056678 0.41384249925613403 10
1646714259310 0.41143468022346497 11
1646714461971 0.4212830662727356 12
1646714664530 0.4125328063964844 13
1646714867300 0.404219388961792 14
1646715069898 0.40383678674697876 15
