1646712234422 0.6666091160220995 1
1646712436932 0.6666091160220995 2
1646712639346 0.6666091160220995 3
1646712841925 0.6666091160220995 4
1646713044147 0.6666091160220995 5
1646713246538 0.6666091160220995 6
1646713448945 0.6666091160220995 7
1646713651235 0.6666091160220995 8
1646713853990 0.6666091160220995 9
1646714056678 0.6666091160220995 10
1646714259310 0.6666091160220995 11
1646714461971 0.6666091160220995 12
1646714664530 0.6666091160220995 13
1646714867300 0.6666091160220995 14
1646715069898 0.6666091160220995 15
