1646712234422 0.6665954784805121 1
1646712436932 0.7294796281072822 2
1646712639346 0.7533172755855304 3
1646712841925 0.796818052385116 4
1646713044147 0.7926480945642002 5
1646713246538 0.8098588361405554 6
1646713448945 0.8131666222033908 7
1646713651235 0.8265719645833576 8
1646713853990 0.8254738625013094 9
1646714056678 0.8411449877011763 10
1646714259310 0.8339229579519585 11
1646714461971 0.8389567976569531 12
1646714664530 0.8403254014336354 13
1646714867300 0.8640028335781832 14
1646715069898 0.8566879875787178 15
