1646712234422 0.8333549138935646 1
1646712436932 0.8509646510423411 2
1646712639346 0.8512236177651172 3
1646712841925 0.8755664897060728 4
1646713044147 0.8772497734041176 5
1646713246538 0.8762139065130131 6
1646713448945 0.8813932409685356 7
1646713651235 0.888644309206267 8
1646713853990 0.8905865596270879 9
1646714056678 0.8968017609737149 10
1646714259310 0.9005567784539686 11
1646714461971 0.8904570762656998 12
1646714664530 0.8982260779489836 13
1646714867300 0.9074193966075359 14
1646715069898 0.907548879968924 15
