1646706152841 0.6587833546663169 1
1646706355946 0.7389778020280351 2
1646706559011 0.7664705588061362 3
1646706761987 0.7981907135195587 4
1646706964859 0.7976211744984402 5
1646707167683 0.797270397477544 6
1646707370428 0.8313330224257205 7
1646707573253 0.8311645917808528 8
1646707776203 0.822959910220397 9
1646707978898 0.838121954382959 10
1646708181568 0.8331741910198669 11
1646708384175 0.8437515885729248 12
1646708586966 0.8498229717805067 13
1646708789537 0.860037084920565 14
1646708992011 0.8544413514636198 15
