1646706152841 0.6666091160220995 1
1646706355946 0.6666091160220995 2
1646706559011 0.6666091160220995 3
1646706761987 0.6666091160220995 4
1646706964859 0.6666091160220995 5
1646707167683 0.6666091160220995 6
1646707370428 0.6666091160220995 7
1646707573253 0.6666091160220995 8
1646707776203 0.6666091160220995 9
1646707978898 0.6666091160220995 10
1646708181568 0.6666091160220995 11
1646708384175 0.6666091160220995 12
1646708586966 0.6666091160220995 13
1646708789537 0.6666091160220995 14
1646708992011 0.6666091160220995 15
