1646706152841 0.8359445811213259 1
1646706355946 0.8486339505373559 2
1646706559011 0.8727178557555354 3
1646706761987 0.8861841253398938 4
1646706964859 0.8869610255082222 5
1646707167683 0.8670205878544607 6
1646707370428 0.8857956752557297 7
1646707573253 0.8855367085329535 8
1646707776203 0.8830765246665804 9
1646707978898 0.8947300271915059 10
1646708181568 0.8913634597954163 11
1646708384175 0.8956364107212224 12
1646708586966 0.8986145280331478 13
1646708789537 0.9027579955975658 14
1646708992011 0.9030169623203418 15
