1646706152841 0.47151756286621094 1
1646706355946 0.4607306718826294 2
1646706559011 0.43692997097969055 3
1646706761987 0.4248380959033966 4
1646706964859 0.4240323305130005 5
1646707167683 0.4429073929786682 6
1646707370428 0.4266226291656494 7
1646707573253 0.4266943633556366 8
1646707776203 0.4287594258785248 9
1646707978898 0.41779372096061707 10
1646708181568 0.4197334349155426 11
1646708384175 0.4148942530155182 12
1646708586966 0.41270580887794495 13
1646708789537 0.4094546139240265 14
1646708992011 0.40798288583755493 15
