1646693957516 0.44737309217453003 1
1646694160418 0.42198556661605835 2
1646694363756 0.4085659086704254 3
1646694566833 0.40027084946632385 4
1646694769945 0.4043119549751282 5
1646694973097 0.39771223068237305 6
1646695176245 0.39400890469551086 7
1646695379264 0.3857800364494324 8
1646695582658 0.3882969319820404 9
1646695785851 0.38732773065567017 10
1646695989176 0.3870117962360382 11
1646696192251 0.38815751671791077 12
1646696395451 0.37389400601387024 13
1646696598657 0.37751322984695435 14
1646696801727 0.38717520236968994 15
