1646693957516 0.6242103409374253 1
1646694160418 0.68173109951981 2
1646694363756 0.7579072537643227 3
1646694566833 0.7551020770855053 4
1646694769945 0.7758760170722885 5
1646694973097 0.7848358366224757 6
1646695176245 0.8080055960687758 7
1646695379264 0.8302098384957007 8
1646695582658 0.8221844519099827 9
1646695785851 0.8451409821166425 10
1646695989176 0.8383780709000803 11
1646696192251 0.8532975454259764 12
1646696395451 0.8422155936397262 13
1646696598657 0.8568513884412383 14
1646696801727 0.8489702560132389 15
