1646693957516 0.6666091160220995 1
1646694160418 0.6666091160220995 2
1646694363756 0.6666091160220995 3
1646694566833 0.6666091160220995 4
1646694769945 0.6666091160220995 5
1646694973097 0.6666091160220995 6
1646695176245 0.6666091160220995 7
1646695379264 0.6666091160220995 8
1646695582658 0.6666091160220995 9
1646695785851 0.6666091160220995 10
1646695989176 0.6666091160220995 11
1646696192251 0.6666091160220995 12
1646696395451 0.6666091160220995 13
1646696598657 0.6666091160220995 14
1646696801727 0.6666091160220995 15
