1646693957516 0.8626181535672666 1
1646694160418 0.8876084423151624 2
1646694363756 0.9039233458500583 3
1646694566833 0.9125987310630584 4
1646694769945 0.907548879968924 5
1646694973097 0.9150589149294316 6
1646695176245 0.9181665156027451 7
1646695379264 0.9261944840088049 8
1646695582658 0.924381716949372 9
1646695785851 0.9248996503949243 10
1646695989176 0.9254175838404765 11
1646696192251 0.9237343001424317 12
1646696395451 0.9391428201476111 13
1646696598657 0.9361647028356856 14
1646696801727 0.9245112003107601 15
